20823:   java -XX:NativeMemoryTracking=detail -XX:+AlwaysPreTouch -Xmx2096m -Xms2096m -XX:CompressedClassSpaceSize=128m -XX:MaxMetaspaceSize=256m -XX:MaxDirectMemorySize=128m -cp TestUnzipMemory-1.0.jar -DgzFilePath=./test.txt.gz net.hzj.test.unzip.memory.UnzipMain
         Address Perm   Offset Device   Inode    Size     Rss     Pss Referenced Anonymous Swap Locked Mapping
        00400000 r-xp 00000000  fd:01 1972823       4       4       4          4         0    0      0 java
        00600000 r--p 00000000  fd:01 1972823       4       4       4          4         4    0      0 java
        00601000 rw-p 00001000  fd:01 1972823       4       4       4          4         4    0      0 java
        01508000 rw-p 00000000  00:00       0     132      16      16         16        16    0      0 [heap]
       775000000 rw-p 00000000  00:00       0 2146944 2146944 2146944    2146944   2146944    0      0 
       7f80a0000 ---p 00000000  00:00       0  130432       0       0          0         0    0      0 
    7f79c0000000 rw-p 00000000  00:00       0     176     144     144        144       144    0      0 
    7f79c002c000 ---p 00000000  00:00       0   65360       0       0          0         0    0      0 
    7f79c8000000 rw-p 00000000  00:00       0   65508   38288   38288      38288     38288    0      0 
    7f79cbff9000 ---p 00000000  00:00       0      28       0       0          0         0    0      0 
    7f79cc000000 rw-p 00000000  00:00       0   47028   20816   20816      20816     20816    0      0 
    7f79ceded000 ---p 00000000  00:00       0   18508       0       0          0         0    0      0 
    7f79d0000000 rw-p 00000000  00:00       0   65508   23068   23068      23068     23068    0      0 
    7f79d3ff9000 ---p 00000000  00:00       0      28       0       0          0         0    0      0 
    7f79d4000000 rw-p 00000000  00:00       0   65508   35456   35456      35456     35456    0      0 
    7f79d7ff9000 ---p 00000000  00:00       0      28       0       0          0         0    0      0 
    7f79d8000000 rw-p 00000000  00:00       0   65520   33188   33188      33188     33188    0      0 
    7f79dbffc000 ---p 00000000  00:00       0      16       0       0          0         0    0      0 
    7f79dc000000 rw-p 00000000  00:00       0   65508   40240   40240      40240     40240    0      0 
    7f79dfff9000 ---p 00000000  00:00       0      28       0       0          0         0    0      0 
    7f79e0000000 rw-p 00000000  00:00       0   65512   53080   53080      53080     53080    0      0 
    7f79e3ffa000 ---p 00000000  00:00       0      24       0       0          0         0    0      0 
    7f79e4000000 rw-p 00000000  00:00       0   65512   51136   51136      51136     51136    0      0 
    7f79e7ffa000 ---p 00000000  00:00       0      24       0       0          0         0    0      0 
    7f79e8000000 rw-p 00000000  00:00       0   65508   57248   57248      57248     57248    0      0 
    7f79ebff9000 ---p 00000000  00:00       0      28       0       0          0         0    0      0 
    7f79ec000000 rw-p 00000000  00:00       0   65508   52360   52360      52360     52360    0      0 
    7f79efff9000 ---p 00000000  00:00       0      28       0       0          0         0    0      0 
    7f79f0000000 rw-p 00000000  00:00       0   65508   52252   52252      52252     52252    0      0 
    7f79f3ff9000 ---p 00000000  00:00       0      28       0       0          0         0    0      0 
    7f79f4000000 rw-p 00000000  00:00       0   65508   52820   52820      52820     52820    0      0 
    7f79f7ff9000 ---p 00000000  00:00       0      28       0       0          0         0    0      0 
    7f79f8000000 rw-p 00000000  00:00       0   65508   53648   53648      53648     53648    0      0 
    7f79fbff9000 ---p 00000000  00:00       0      28       0       0          0         0    0      0 
    7f79fc000000 rw-p 00000000  00:00       0   65508   52764   52764      52764     52764    0      0 
    7f79ffff9000 ---p 00000000  00:00       0      28       0       0          0         0    0      0 
    7f7a00000000 rw-p 00000000  00:00       0   65508   51696   51696      51696     51696    0      0 
    7f7a03ff9000 ---p 00000000  00:00       0      28       0       0          0         0    0      0 
    7f7a04000000 rw-p 00000000  00:00       0   65508   53028   53028      53028     53028    0      0 
    7f7a07ff9000 ---p 00000000  00:00       0      28       0       0          0         0    0      0 
    7f7a08000000 rw-p 00000000  00:00       0   65508   54804   54804      54804     54804    0      0 
    7f7a0bff9000 ---p 00000000  00:00       0      28       0       0          0         0    0      0 
    7f7a0c000000 rw-p 00000000  00:00       0   65508   52652   52652      52652     52652    0      0 
    7f7a0fff9000 ---p 00000000  00:00       0      28       0       0          0         0    0      0 
    7f7a10000000 rw-p 00000000  00:00       0   65508   39668   39668      39668     39668    0      0 
    7f7a13ff9000 ---p 00000000  00:00       0      28       0       0          0         0    0      0 
    7f7a14000000 rw-p 00000000  00:00       0   65508   55216   55216      55216     55216    0      0 
    7f7a17ff9000 ---p 00000000  00:00       0      28       0       0          0         0    0      0 
    7f7a18000000 rw-p 00000000  00:00       0   65512   54904   54904      54904     54904    0      0 
    7f7a1bffa000 ---p 00000000  00:00       0      24       0       0          0         0    0      0 
    7f7a1c000000 rw-p 00000000  00:00       0   65508   45864   45864      45864     45864    0      0 
    7f7a1fff9000 ---p 00000000  00:00       0      28       0       0          0         0    0      0 
    7f7a20000000 rw-p 00000000  00:00       0   65512   54120   54120      54120     54120    0      0 
    7f7a23ffa000 ---p 00000000  00:00       0      24       0       0          0         0    0      0 
    7f7a24000000 rw-p 00000000  00:00       0   65508   54016   54016      54016     54016    0      0 
    7f7a27ff9000 ---p 00000000  00:00       0      28       0       0          0         0    0      0 
    7f7a28000000 rw-p 00000000  00:00       0  131072  109272  109272     109272    109272    0      0 
    7f7a30000000 rw-p 00000000  00:00       0   65508   53128   53128      53128     53128    0      0 
    7f7a33ff9000 ---p 00000000  00:00       0      28       0       0          0         0    0      0 
    7f7a34000000 rw-p 00000000  00:00       0   65508   52624   52624      52624     52624    0      0 
    7f7a37ff9000 ---p 00000000  00:00       0      28       0       0          0         0    0      0 
    7f7a38000000 rw-p 00000000  00:00       0   65516   52772   52772      52772     52772    0      0 
    7f7a3bffb000 ---p 00000000  00:00       0      20       0       0          0         0    0      0 
    7f7a3c000000 rw-p 00000000  00:00       0   65508   50036   50036      50036     50036    0      0 
    7f7a3fff9000 ---p 00000000  00:00       0      28       0       0          0         0    0      0 
    7f7a40000000 rw-p 00000000  00:00       0   65508   54064   54064      54064     54064    0      0 
    7f7a43ff9000 ---p 00000000  00:00       0      28       0       0          0         0    0      0 
    7f7a44000000 rw-p 00000000  00:00       0   65512   46840   46840      46840     46840    0      0 
    7f7a47ffa000 ---p 00000000  00:00       0      24       0       0          0         0    0      0 
    7f7a48000000 rw-p 00000000  00:00       0   65512   52672   52672      52672     52672    0      0 
    7f7a4bffa000 ---p 00000000  00:00       0      24       0       0          0         0    0      0 
    7f7a4c000000 rw-p 00000000  00:00       0   65508   52600   52600      52600     52600    0      0 
    7f7a4fff9000 ---p 00000000  00:00       0      28       0       0          0         0    0      0 
    7f7a50000000 rw-p 00000000  00:00       0     132       4       4          4         4    0      0 
    7f7a50021000 ---p 00000000  00:00       0   65404       0       0          0         0    0      0 
    7f7a54000000 rw-p 00000000  00:00       0     132       4       4          4         4    0      0 
    7f7a54021000 ---p 00000000  00:00       0   65404       0       0          0         0    0      0 
    7f7a58000000 rw-p 00000000  00:00       0    1960    1828    1828       1828      1828    0      0 
    7f7a581ea000 ---p 00000000  00:00       0   63576       0       0          0         0    0      0 
    7f7a5c000000 rw-p 00000000  00:00       0    1480    1480    1480       1480      1480    0      0 
    7f7a5c172000 ---p 00000000  00:00       0   64056       0       0          0         0    0      0 
    7f7a60000000 rw-p 00000000  00:00       0     132      12      12         12        12    0      0 
    7f7a60021000 ---p 00000000  00:00       0   65404       0       0          0         0    0      0 
    7f7a65abd000 r--p 00000000  fd:01  686013  103692      48      11         48         0    0      0 locale-archive
    7f7a6c000000 rw-p 00000000  00:00       0     132      40      40         40        40    0      0 
    7f7a6c021000 ---p 00000000  00:00       0   65404       0       0          0         0    0      0 
    7f7a70000000 rw-p 00000000  00:00       0     132      32      32         32        32    0      0 
    7f7a70021000 ---p 00000000  00:00       0   65404       0       0          0         0    0      0 
    7f7a74000000 rw-p 00000000  00:00       0     132       4       4          4         4    0      0 
    7f7a74021000 ---p 00000000  00:00       0   65404       0       0          0         0    0      0 
    7f7a7be80000 rw-p 00000000  00:00       0   67072       0       0          0         0    0      0 
    7f7a80000000 rw-p 00000000  00:00       0     132       8       8          8         8    0      0 
    7f7a80021000 ---p 00000000  00:00       0   65404       0       0          0         0    0      0 
    7f7a868ba000 rw-p 00000000  00:00       0    2644    2644    2644       2644      2644    0      0 
    7f7a86b4f000 ---p 00000000  00:00       0      12       0       0          0         0    0      0 
    7f7a86b52000 rw-p 00000000  00:00       0    1016      24      24         24        24    0      0 
    7f7a86c50000 ---p 00000000  00:00       0       4       0       0          0         0    0      0 
    7f7a86c51000 rw-p 00000000  00:00       0    1024       8       8          8         8    0      0 
    7f7a86d51000 ---p 00000000  00:00       0      12       0       0          0         0    0      0 
    7f7a86d54000 rw-p 00000000  00:00       0    1016       8       8          8         8    0      0 
    7f7a86e52000 ---p 00000000  00:00       0      16       0       0          0         0    0      0 
    7f7a86e56000 rw-p 00000000  00:00       0    1012      16      16         16        16    0      0 
    7f7a86f53000 ---p 00000000  00:00       0      16       0       0          0         0    0      0 
    7f7a86f57000 rw-p 00000000  00:00       0    1012      28      28         28        28    0      0 
    7f7a87054000 ---p 00000000  00:00       0      12       0       0          0         0    0      0 
    7f7a87057000 rw-p 00000000  00:00       0    1016      92      92         92        92    0      0 
    7f7a87155000 ---p 00000000  00:00       0      12       0       0          0         0    0      0 
    7f7a87158000 rw-p 00000000  00:00       0    1016      88      88         88        88    0      0 
    7f7a87256000 ---p 00000000  00:00       0      12       0       0          0         0    0      0 
    7f7a87259000 rw-p 00000000  00:00       0    1016      88      88         88        88    0      0 
    7f7a87357000 ---p 00000000  00:00       0       4       0       0          0         0    0      0 
    7f7a87358000 rw-p 00000000  00:00       0   10592    1280    1280       1280      1280    0      0 
    7f7a87db0000 r--s 03d6a000  fd:01 1837252    1896    1896    1896       1896         0    0      0 rt.jar
    7f7a87f8a000 rw-p 00000000  00:00       0     472     472     472        472       472    0      0 
    7f7a88000000 rw-p 00000000  00:00       0     132      12      12         12        12    0      0 
    7f7a88021000 ---p 00000000  00:00       0   65404       0       0          0         0    0      0 
    7f7a8c02c000 rw-p 00000000  00:00       0    4608    4608    4608       4608      4608    0      0 
    7f7a8c4ac000 ---p 00000000  00:00       0    3584       0       0          0         0    0      0 
    7f7a8c82c000 rw-p 00000000  00:00       0    4192       0       0          0         0    0      0 
    7f7a8cc44000 ---p 00000000  00:00       0       4       0       0          0         0    0      0 
    7f7a8cc45000 rw-p 00000000  00:00       0    3820    2808    2808       2808      2808    0      0 
    7f7a8d000000 rwxp 00000000  00:00       0    2496    2496    2496       2496      2496    0      0 
    7f7a8d270000 ---p 00000000  00:00       0  243264       0       0          0         0    0      0 
    7f7a9c000000 rw-p 00000000  00:00       0   65536   52340   52340      52340     52340    0      0 
    7f7aa0004000 rw-p 00000000  00:00       0       4       4       4          4         4    0      0 
    7f7aa0005000 r--s 00053000  fd:01 1835122      24      24      24         24         0    0      0 TestUnzipMemory-1.0.jar
    7f7aa000b000 rw-p 00000000  00:00       0     132       4       4          4         4    0      0 
    7f7aa002c000 ---p 00000000  00:00       0       4       0       0          0         0    0      0 
    7f7aa002d000 rw-p 00000000  00:00       0    5260    4248    4248       4248      4248    0      0 
    7f7aa0550000 ---p 00000000  00:00       0    3800       0       0          0         0    0      0 
    7f7aa0906000 r-xp 00000000  fd:01 1837388     108      60      60         60         0    0      0 libzip.so
    7f7aa0921000 ---p 0001b000  fd:01 1837388    2044       0       0          0         0    0      0 libzip.so
    7f7aa0b20000 r--p 0001a000  fd:01 1837388       4       4       4          4         4    0      0 libzip.so
    7f7aa0b21000 rw-p 0001b000  fd:01 1837388       4       4       4          4         4    0      0 libzip.so
    7f7aa0b22000 r-xp 00000000  fd:01  657432      48      24       2         24         0    0      0 libnss_files-2.17.so
    7f7aa0b2e000 ---p 0000c000  fd:01  657432    2044       0       0          0         0    0      0 libnss_files-2.17.so
    7f7aa0d2d000 r--p 0000b000  fd:01  657432       4       4       4          4         4    0      0 libnss_files-2.17.so
    7f7aa0d2e000 rw-p 0000c000  fd:01  657432       4       4       4          4         4    0      0 libnss_files-2.17.so
    7f7aa0d2f000 rw-p 00000000  00:00       0      24       0       0          0         0    0      0 
    7f7aa0d35000 r-xp 00000000  fd:01 1837385     176     128     128        128         0    0      0 libjava.so
    7f7aa0d61000 ---p 0002c000  fd:01 1837385    2044       0       0          0         0    0      0 libjava.so
    7f7aa0f60000 r--p 0002b000  fd:01 1837385       4       4       4          4         4    0      0 libjava.so
    7f7aa0f61000 rw-p 0002c000  fd:01 1837385       8       8       8          8         8    0      0 libjava.so
    7f7aa0f63000 r-xp 00000000  fd:01 1837434      52      24      24         24         0    0      0 libverify.so
    7f7aa0f70000 ---p 0000d000  fd:01 1837434    2044       0       0          0         0    0      0 libverify.so
    7f7aa116f000 r--p 0000c000  fd:01 1837434       8       8       8          8         8    0      0 libverify.so
    7f7aa1171000 rw-p 0000e000  fd:01 1837434       4       4       4          4         4    0      0 libverify.so
    7f7aa1172000 r-xp 00000000  fd:01  657444      28      16       3         16         0    0      0 librt-2.17.so
    7f7aa1179000 ---p 00007000  fd:01  657444    2044       0       0          0         0    0      0 librt-2.17.so
    7f7aa1378000 r--p 00006000  fd:01  657444       4       4       4          4         4    0      0 librt-2.17.so
    7f7aa1379000 rw-p 00007000  fd:01  657444       4       4       4          4         4    0      0 librt-2.17.so
    7f7aa137a000 r-xp 00000000  fd:01  657422    1028      92      37         92         0    0      0 libm-2.17.so
    7f7aa147b000 ---p 00101000  fd:01  657422    2044       0       0          0         0    0      0 libm-2.17.so
    7f7aa167a000 r--p 00100000  fd:01  657422       4       4       4          4         4    0      0 libm-2.17.so
    7f7aa167b000 rw-p 00101000  fd:01  657422       4       4       4          4         4    0      0 libm-2.17.so
    7f7aa167c000 r-xp 00000000  fd:01 1972755   13216    9220    9220       9220         0    0      0 libjvm.so
    7f7aa2364000 ---p 00ce8000  fd:01 1972755    2044       0       0          0         0    0      0 libjvm.so
    7f7aa2563000 r--p 00ce7000  fd:01 1972755     600     600     600        600       600    0      0 libjvm.so
    7f7aa25f9000 rw-p 00d7d000  fd:01 1972755     196     196     196        196       196    0      0 libjvm.so
    7f7aa262a000 rw-p 00000000  00:00       0     236     232     232        232       232    0      0 
    7f7aa2665000 r-xp 00000000  fd:01  657414    1808     652      67        652         0    0      0 libc-2.17.so
    7f7aa2829000 ---p 001c4000  fd:01  657414    2044       0       0          0         0    0      0 libc-2.17.so
    7f7aa2a28000 r--p 001c3000  fd:01  657414      16      16      16         16        16    0      0 libc-2.17.so
    7f7aa2a2c000 rw-p 001c7000  fd:01  657414       8       8       8          8         8    0      0 libc-2.17.so
    7f7aa2a2e000 rw-p 00000000  00:00       0      20      20      20         20        20    0      0 
    7f7aa2a33000 r-xp 00000000  fd:01  657420       8       8       1          8         0    0      0 libdl-2.17.so
    7f7aa2a35000 ---p 00002000  fd:01  657420    2048       0       0          0         0    0      0 libdl-2.17.so
    7f7aa2c35000 r--p 00002000  fd:01  657420       4       4       4          4         4    0      0 libdl-2.17.so
    7f7aa2c36000 rw-p 00003000  fd:01  657420       4       4       4          4         4    0      0 libdl-2.17.so
    7f7aa2c37000 r-xp 00000000  fd:01 2100427      92      56      56         56         0    0      0 libjli.so
    7f7aa2c4e000 ---p 00017000  fd:01 2100427    2044       0       0          0         0    0      0 libjli.so
    7f7aa2e4d000 r--p 00016000  fd:01 2100427       4       4       4          4         4    0      0 libjli.so
    7f7aa2e4e000 rw-p 00017000  fd:01 2100427       4       4       4          4         4    0      0 libjli.so
    7f7aa2e4f000 r-xp 00000000  fd:01  657440      92      72       7         72         0    0      0 libpthread-2.17.so
    7f7aa2e66000 ---p 00017000  fd:01  657440    2044       0       0          0         0    0      0 libpthread-2.17.so
    7f7aa3065000 r--p 00016000  fd:01  657440       4       4       4          4         4    0      0 libpthread-2.17.so
    7f7aa3066000 rw-p 00017000  fd:01  657440       4       4       4          4         4    0      0 libpthread-2.17.so
    7f7aa3067000 rw-p 00000000  00:00       0      16       4       4          4         4    0      0 
    7f7aa306b000 r-xp 00000000  fd:01  657407     136     116      14        116         0    0      0 ld-2.17.so
    7f7aa308d000 rw-p 00000000  00:00       0     956     536     536        536       536    0      0 
    7f7aa317c000 ---p 00000000  00:00       0      16       0       0          0         0    0      0 
    7f7aa3180000 rw-p 00000000  00:00       0    1028     132     132        132       132    0      0 
    7f7aa3281000 rw-s 00000000  fd:01 1310766      32      32      32         32         0    0      0 20823
    7f7aa3289000 rw-p 00000000  00:00       0       4       4       4          4         4    0      0 
    7f7aa328a000 r--p 00000000  00:00       0       4       0       0          0         0    0      0 
    7f7aa328b000 rw-p 00000000  00:00       0       4       4       4          4         4    0      0 
    7f7aa328c000 r--p 00021000  fd:01  657407       4       4       4          4         4    0      0 ld-2.17.so
    7f7aa328d000 rw-p 00022000  fd:01  657407       4       4       4          4         4    0      0 ld-2.17.so
    7f7aa328e000 rw-p 00000000  00:00       0       4       4       4          4         4    0      0 
    7fff9a942000 rw-p 00000000  00:00       0     132      32      32         32        32    0      0 [stack]
    7fff9a98d000 r-xp 00000000  00:00       0       8       8       4          8         0    0      0 [vdso]
ffffffffff600000 r-xp 00000000  00:00       0       4       0       0          0         0    0      0 [vsyscall]
                                              ======= ======= ======= ========== ========= ==== ====== 
                                              5800640 3892488 3891598    3892488   3880008    0      0 KB 
