520:   java -XX:NativeMemoryTracking=detail -XX:+AlwaysPreTouch -Xmx2096m -Xms2096m -XX:CompressedClassSpaceSize=128m -XX:MaxMetaspaceSize=256m -XX:MaxDirectMemorySize=128m -cp TestUnzipMemory-1.0.jar -DgzFilePath=./test.txt.gz net.hzj.test.unzip.memory.UnzipMain
         Address Perm   Offset Device   Inode    Size     Rss     Pss Referenced Anonymous Swap Locked Mapping
        00400000 r-xp 00000000  fd:01 1972823       4       4       4          4         0    0      0 java
        00600000 r--p 00000000  fd:01 1972823       4       4       4          4         4    0      0 java
        00601000 rw-p 00001000  fd:01 1972823       4       4       4          4         4    0      0 java
        00db7000 rw-p 00000000  00:00       0     132      16      16         16        16    0      0 [heap]
       775000000 rw-p 00000000  00:00       0 2146944 2146944 2146944    2146944   2146944    0      0 
       7f80a0000 ---p 00000000  00:00       0  130432       0       0          0         0    0      0 
    7f1070000000 rw-p 00000000  00:00       0   52808   21500   21500      21500     21500    0      0 
    7f1073392000 ---p 00000000  00:00       0   12728       0       0          0         0    0      0 
    7f1078000000 rw-p 00000000  00:00       0   65508   21436   21436      21436     21436    0      0 
    7f107bff9000 ---p 00000000  00:00       0      28       0       0          0         0    0      0 
    7f107c000000 rw-p 00000000  00:00       0   65508   20776   20776      20776     20776    0      0 
    7f107fff9000 ---p 00000000  00:00       0      28       0       0          0         0    0      0 
    7f1080000000 rw-p 00000000  00:00       0  131052   60856   60856      60856     60856    0      0 
    7f1087ffb000 ---p 00000000  00:00       0      20       0       0          0         0    0      0 
    7f1088000000 rw-p 00000000  00:00       0  131048   87080   87080      87080     87080    0      0 
    7f108fffa000 ---p 00000000  00:00       0      24       0       0          0         0    0      0 
    7f1090000000 rw-p 00000000  00:00       0   65508   51328   51328      51328     51328    0      0 
    7f1093ff9000 ---p 00000000  00:00       0      28       0       0          0         0    0      0 
    7f1094000000 rw-p 00000000  00:00       0   65512   48840   48840      48840     48840    0      0 
    7f1097ffa000 ---p 00000000  00:00       0      24       0       0          0         0    0      0 
    7f1098000000 rw-p 00000000  00:00       0   65508   53128   53128      53128     53128    0      0 
    7f109bff9000 ---p 00000000  00:00       0      28       0       0          0         0    0      0 
    7f109c000000 rw-p 00000000  00:00       0   65512   52996   52996      52996     52996    0      0 
    7f109fffa000 ---p 00000000  00:00       0      24       0       0          0         0    0      0 
    7f10a0000000 rw-p 00000000  00:00       0   65508   53892   53892      53892     53892    0      0 
    7f10a3ff9000 ---p 00000000  00:00       0      28       0       0          0         0    0      0 
    7f10a4000000 rw-p 00000000  00:00       0   65508   53332   53332      53332     53332    0      0 
    7f10a7ff9000 ---p 00000000  00:00       0      28       0       0          0         0    0      0 
    7f10a8000000 rw-p 00000000  00:00       0   65508   53136   53136      53136     53136    0      0 
    7f10abff9000 ---p 00000000  00:00       0      28       0       0          0         0    0      0 
    7f10ac000000 rw-p 00000000  00:00       0   65508   52412   52412      52412     52412    0      0 
    7f10afff9000 ---p 00000000  00:00       0      28       0       0          0         0    0      0 
    7f10b0000000 rw-p 00000000  00:00       0   65508   53040   53040      53040     53040    0      0 
    7f10b3ff9000 ---p 00000000  00:00       0      28       0       0          0         0    0      0 
    7f10b4000000 rw-p 00000000  00:00       0   65508   53784   53784      53784     53784    0      0 
    7f10b7ff9000 ---p 00000000  00:00       0      28       0       0          0         0    0      0 
    7f10b8000000 rw-p 00000000  00:00       0   65508   53708   53708      53708     53708    0      0 
    7f10bbff9000 ---p 00000000  00:00       0      28       0       0          0         0    0      0 
    7f10bc000000 rw-p 00000000  00:00       0   65508   53132   53132      53132     53132    0      0 
    7f10bfff9000 ---p 00000000  00:00       0      28       0       0          0         0    0      0 
    7f10c0000000 rw-p 00000000  00:00       0   65508   54040   54040      54040     54040    0      0 
    7f10c3ff9000 ---p 00000000  00:00       0      28       0       0          0         0    0      0 
    7f10c4000000 rw-p 00000000  00:00       0   65508   53344   53344      53344     53344    0      0 
    7f10c7ff9000 ---p 00000000  00:00       0      28       0       0          0         0    0      0 
    7f10c8000000 rw-p 00000000  00:00       0   65508   54680   54680      54680     54680    0      0 
    7f10cbff9000 ---p 00000000  00:00       0      28       0       0          0         0    0      0 
    7f10cc000000 rw-p 00000000  00:00       0   65508   53972   53972      53972     53972    0      0 
    7f10cfff9000 ---p 00000000  00:00       0      28       0       0          0         0    0      0 
    7f10d0000000 rw-p 00000000  00:00       0   65508   52440   52440      52440     52440    0      0 
    7f10d3ff9000 ---p 00000000  00:00       0      28       0       0          0         0    0      0 
    7f10d4000000 rw-p 00000000  00:00       0   65512   54548   54548      54548     54548    0      0 
    7f10d7ffa000 ---p 00000000  00:00       0      24       0       0          0         0    0      0 
    7f10d8000000 rw-p 00000000  00:00       0   65508   55420   55420      55420     55420    0      0 
    7f10dbff9000 ---p 00000000  00:00       0      28       0       0          0         0    0      0 
    7f10dc000000 rw-p 00000000  00:00       0   65508   54180   54180      54180     54180    0      0 
    7f10dfff9000 ---p 00000000  00:00       0      28       0       0          0         0    0      0 
    7f10e0000000 rw-p 00000000  00:00       0   65508   46180   46180      46180     46180    0      0 
    7f10e3ff9000 ---p 00000000  00:00       0      28       0       0          0         0    0      0 
    7f10e4000000 rw-p 00000000  00:00       0   65508   53460   53460      53460     53460    0      0 
    7f10e7ff9000 ---p 00000000  00:00       0      28       0       0          0         0    0      0 
    7f10e8000000 rw-p 00000000  00:00       0   65508   53992   53992      53992     53992    0      0 
    7f10ebff9000 ---p 00000000  00:00       0      28       0       0          0         0    0      0 
    7f10ec000000 rw-p 00000000  00:00       0   65516   55024   55024      55024     55024    0      0 
    7f10efffb000 ---p 00000000  00:00       0      20       0       0          0         0    0      0 
    7f10f0000000 rw-p 00000000  00:00       0   65508   53536   53536      53536     53536    0      0 
    7f10f3ff9000 ---p 00000000  00:00       0      28       0       0          0         0    0      0 
    7f10f4000000 rw-p 00000000  00:00       0   65508   53616   53616      53616     53616    0      0 
    7f10f7ff9000 ---p 00000000  00:00       0      28       0       0          0         0    0      0 
    7f10f8000000 rw-p 00000000  00:00       0     172     144     144        144       144    0      0 
    7f10f802b000 ---p 00000000  00:00       0   65364       0       0          0         0    0      0 
    7f10fc000000 rw-p 00000000  00:00       0   65508   53132   53132      53132     53132    0      0 
    7f10ffff9000 ---p 00000000  00:00       0      28       0       0          0         0    0      0 
    7f1100000000 rw-p 00000000  00:00       0     132       4       4          4         4    0      0 
    7f1100021000 ---p 00000000  00:00       0   65404       0       0          0         0    0      0 
    7f1104000000 rw-p 00000000  00:00       0     132       4       4          4         4    0      0 
    7f1104021000 ---p 00000000  00:00       0   65404       0       0          0         0    0      0 
    7f1108000000 rw-p 00000000  00:00       0    1864    1472    1472       1472      1472    0      0 
    7f11081d2000 ---p 00000000  00:00       0   63672       0       0          0         0    0      0 
    7f110c000000 rw-p 00000000  00:00       0    1720    1720    1720       1720      1720    0      0 
    7f110c1ae000 ---p 00000000  00:00       0   63816       0       0          0         0    0      0 
    7f1110000000 rw-p 00000000  00:00       0     132      16      16         16        16    0      0 
    7f1110021000 ---p 00000000  00:00       0   65404       0       0          0         0    0      0 
    7f1115abd000 r--p 00000000  fd:01  686013  103692  103692  103644     103692         0    0      0 locale-archive
    7f111c000000 rw-p 00000000  00:00       0     132      40      40         40        40    0      0 
    7f111c021000 ---p 00000000  00:00       0   65404       0       0          0         0    0      0 
    7f1120000000 rw-p 00000000  00:00       0     132      32      32         32        32    0      0 
    7f1120021000 ---p 00000000  00:00       0   65404       0       0          0         0    0      0 
    7f1124000000 rw-p 00000000  00:00       0     132       4       4          4         4    0      0 
    7f1124021000 ---p 00000000  00:00       0   65404       0       0          0         0    0      0 
    7f112be80000 rw-p 00000000  00:00       0   67072       0       0          0         0    0      0 
    7f1130000000 rw-p 00000000  00:00       0     132       8       8          8         8    0      0 
    7f1130021000 ---p 00000000  00:00       0   65404       0       0          0         0    0      0 
    7f1136855000 rw-p 00000000  00:00       0    1652    1652    1652       1652      1652    0      0 
    7f11369f2000 ---p 00000000  00:00       0      12       0       0          0         0    0      0 
    7f11369f5000 rw-p 00000000  00:00       0    1016      24      24         24        24    0      0 
    7f1136af3000 ---p 00000000  00:00       0       4       0       0          0         0    0      0 
    7f1136af4000 rw-p 00000000  00:00       0    1024       8       8          8         8    0      0 
    7f1136bf4000 ---p 00000000  00:00       0      12       0       0          0         0    0      0 
    7f1136bf7000 rw-p 00000000  00:00       0    1016       8       8          8         8    0      0 
    7f1136cf5000 ---p 00000000  00:00       0      16       0       0          0         0    0      0 
    7f1136cf9000 rw-p 00000000  00:00       0    1012      16      16         16        16    0      0 
    7f1136df6000 ---p 00000000  00:00       0      16       0       0          0         0    0      0 
    7f1136dfa000 rw-p 00000000  00:00       0    1012      28      28         28        28    0      0 
    7f1136ef7000 ---p 00000000  00:00       0      12       0       0          0         0    0      0 
    7f1136efa000 rw-p 00000000  00:00       0    1016      92      92         92        92    0      0 
    7f1136ff8000 ---p 00000000  00:00       0      12       0       0          0         0    0      0 
    7f1136ffb000 rw-p 00000000  00:00       0    1016      88      88         88        88    0      0 
    7f11370f9000 ---p 00000000  00:00       0      12       0       0          0         0    0      0 
    7f11370fc000 rw-p 00000000  00:00       0    1016      88      88         88        88    0      0 
    7f11371fa000 ---p 00000000  00:00       0       4       0       0          0         0    0      0 
    7f11371fb000 rw-p 00000000  00:00       0   10772    5560    5560       5560      5560    0      0 
    7f1137c80000 ---p 00000000  00:00       0    3584       0       0          0         0    0      0 
    7f1138000000 rw-p 00000000  00:00       0     132      12      12         12        12    0      0 
    7f1138021000 ---p 00000000  00:00       0   65404       0       0          0         0    0      0 
    7f113c000000 rw-p 00000000  00:00       0     992     992     992        992       992    0      0 
    7f113c0f8000 r--s 00053000  fd:01 1835122      24      24      24         24         0    0      0 TestUnzipMemory-1.0.jar
    7f113c0fe000 rw-p 00000000  00:00       0    4428     332     332        332       332    0      0 
    7f113c551000 r--s 03d6a000  fd:01 1837252    1896    1896    1896         68         0    0      0 rt.jar
    7f113c72b000 rw-p 00000000  00:00       0    4192       0       0          0         0    0      0 
    7f113cb43000 ---p 00000000  00:00       0       4       0       0          0         0    0      0 
    7f113cb44000 rw-p 00000000  00:00       0    1024      12      12         12        12    0      0 
    7f113cc44000 ---p 00000000  00:00       0       4       0       0          0         0    0      0 
    7f113cc45000 rw-p 00000000  00:00       0    3820    2808    2808       2808      2808    0      0 
    7f113d000000 rwxp 00000000  00:00       0    2496    2496    2496       2496      2496    0      0 
    7f113d270000 ---p 00000000  00:00       0  243264       0       0          0         0    0      0 
    7f114c000000 rw-p 00000000  00:00       0   65524   53084   53084      53084     53084    0      0 
    7f114fffd000 ---p 00000000  00:00       0      12       0       0          0         0    0      0 
    7f1150003000 rw-p 00000000  00:00       0    4844    4716    4716       4716      4716    0      0 
    7f11504be000 ---p 00000000  00:00       0    3800       0       0          0         0    0      0 
    7f1150874000 r-xp 00000000  fd:01 1837388     108     108     108        108         0    0      0 libzip.so
    7f115088f000 ---p 0001b000  fd:01 1837388    2044      20      20         20         0    0      0 libzip.so
    7f1150a8e000 r--p 0001a000  fd:01 1837388       4       4       4          4         4    0      0 libzip.so
    7f1150a8f000 rw-p 0001b000  fd:01 1837388       4       4       4          4         4    0      0 libzip.so
    7f1150a90000 r-xp 00000000  fd:01  657432      48      24       2         24         0    0      0 libnss_files-2.17.so
    7f1150a9c000 ---p 0000c000  fd:01  657432    2044       0       0          0         0    0      0 libnss_files-2.17.so
    7f1150c9b000 r--p 0000b000  fd:01  657432       4       4       4          4         4    0      0 libnss_files-2.17.so
    7f1150c9c000 rw-p 0000c000  fd:01  657432       4       4       4          4         4    0      0 libnss_files-2.17.so
    7f1150c9d000 rw-p 00000000  00:00       0      24       0       0          0         0    0      0 
    7f1150ca3000 r-xp 00000000  fd:01 1837385     176     128     128        128         0    0      0 libjava.so
    7f1150ccf000 ---p 0002c000  fd:01 1837385    2044       0       0          0         0    0      0 libjava.so
    7f1150ece000 r--p 0002b000  fd:01 1837385       4       4       4          4         4    0      0 libjava.so
    7f1150ecf000 rw-p 0002c000  fd:01 1837385       8       8       8          8         8    0      0 libjava.so
    7f1150ed1000 r-xp 00000000  fd:01 1837434      52      24      24         24         0    0      0 libverify.so
    7f1150ede000 ---p 0000d000  fd:01 1837434    2044       0       0          0         0    0      0 libverify.so
    7f11510dd000 r--p 0000c000  fd:01 1837434       8       8       8          8         8    0      0 libverify.so
    7f11510df000 rw-p 0000e000  fd:01 1837434       4       4       4          4         4    0      0 libverify.so
    7f11510e0000 r-xp 00000000  fd:01  657444      28      16       4         16         0    0      0 librt-2.17.so
    7f11510e7000 ---p 00007000  fd:01  657444    2044       0       0          0         0    0      0 librt-2.17.so
    7f11512e6000 r--p 00006000  fd:01  657444       4       4       4          4         4    0      0 librt-2.17.so
    7f11512e7000 rw-p 00007000  fd:01  657444       4       4       4          4         4    0      0 librt-2.17.so
    7f11512e8000 r-xp 00000000  fd:01  657422    1028      92      42         92         0    0      0 libm-2.17.so
    7f11513e9000 ---p 00101000  fd:01  657422    2044       0       0          0         0    0      0 libm-2.17.so
    7f11515e8000 r--p 00100000  fd:01  657422       4       4       4          4         4    0      0 libm-2.17.so
    7f11515e9000 rw-p 00101000  fd:01  657422       4       4       4          4         4    0      0 libm-2.17.so
    7f11515ea000 r-xp 00000000  fd:01 1972755   13216    9220    9220       9220         0    0      0 libjvm.so
    7f11522d2000 ---p 00ce8000  fd:01 1972755    2044       0       0          0         0    0      0 libjvm.so
    7f11524d1000 r--p 00ce7000  fd:01 1972755     600     600     600        600       600    0      0 libjvm.so
    7f1152567000 rw-p 00d7d000  fd:01 1972755     196     196     196        196       196    0      0 libjvm.so
    7f1152598000 rw-p 00000000  00:00       0     236     232     232        232       232    0      0 
    7f11525d3000 r-xp 00000000  fd:01  657414    1808     652      73        652         0    0      0 libc-2.17.so
    7f1152797000 ---p 001c4000  fd:01  657414    2044       0       0          0         0    0      0 libc-2.17.so
    7f1152996000 r--p 001c3000  fd:01  657414      16      16      16         16        16    0      0 libc-2.17.so
    7f115299a000 rw-p 001c7000  fd:01  657414       8       8       8          8         8    0      0 libc-2.17.so
    7f115299c000 rw-p 00000000  00:00       0      20      20      20         20        20    0      0 
    7f11529a1000 r-xp 00000000  fd:01  657420       8       8       1          8         0    0      0 libdl-2.17.so
    7f11529a3000 ---p 00002000  fd:01  657420    2048       0       0          0         0    0      0 libdl-2.17.so
    7f1152ba3000 r--p 00002000  fd:01  657420       4       4       4          4         4    0      0 libdl-2.17.so
    7f1152ba4000 rw-p 00003000  fd:01  657420       4       4       4          4         4    0      0 libdl-2.17.so
    7f1152ba5000 r-xp 00000000  fd:01 2100427      92      56      56         56         0    0      0 libjli.so
    7f1152bbc000 ---p 00017000  fd:01 2100427    2044       0       0          0         0    0      0 libjli.so
    7f1152dbb000 r--p 00016000  fd:01 2100427       4       4       4          4         4    0      0 libjli.so
    7f1152dbc000 rw-p 00017000  fd:01 2100427       4       4       4          4         4    0      0 libjli.so
    7f1152dbd000 r-xp 00000000  fd:01  657440      92      72       9         72         0    0      0 libpthread-2.17.so
    7f1152dd4000 ---p 00017000  fd:01  657440    2044       0       0          0         0    0      0 libpthread-2.17.so
    7f1152fd3000 r--p 00016000  fd:01  657440       4       4       4          4         4    0      0 libpthread-2.17.so
    7f1152fd4000 rw-p 00017000  fd:01  657440       4       4       4          4         4    0      0 libpthread-2.17.so
    7f1152fd5000 rw-p 00000000  00:00       0      16       4       4          4         4    0      0 
    7f1152fd9000 r-xp 00000000  fd:01  657407     136     116      16        116         0    0      0 ld-2.17.so
    7f1152ffb000 rw-p 00000000  00:00       0     956     536     536        536       536    0      0 
    7f11530ea000 ---p 00000000  00:00       0      16       0       0          0         0    0      0 
    7f11530ee000 rw-p 00000000  00:00       0    1028     128     128        128       128    0      0 
    7f11531ef000 rw-s 00000000  fd:01 1310759      32      32      32         32         0    0      0 520
    7f11531f7000 rw-p 00000000  00:00       0       4       4       4          4         4    0      0 
    7f11531f8000 r--p 00000000  00:00       0       4       0       0          0         0    0      0 
    7f11531f9000 rw-p 00000000  00:00       0       4       4       4          4         4    0      0 
    7f11531fa000 r--p 00021000  fd:01  657407       4       4       4          4         4    0      0 ld-2.17.so
    7f11531fb000 rw-p 00022000  fd:01  657407       4       4       4          4         4    0      0 ld-2.17.so
    7f11531fc000 rw-p 00000000  00:00       0       4       4       4          4         4    0      0 
    7fff135a9000 rw-p 00000000  00:00       0     132      36      36         36        36    0      0 [stack]
    7fff135fd000 r-xp 00000000  00:00       0       8       8       4          8         0    0      0 [vdso]
ffffffffff600000 r-xp 00000000  00:00       0       4       0       0          0         0    0      0 [vsyscall]
                                              ======= ======= ======= ========== ========= ==== ====== 
                                              5800640 3986436 3985551    3984608   3870244    0      0 KB 
